0.005417159986031561 0.00522374153731659 0.005255879295618952 0.0053386042660819545 0.16080677905795707 0.00532893381223358 0.2660121507336433 0.005164588796892127 0.005372199046298951 0.536079963467926 
0.3981809158198864 0.005407943070368451 0.005441214082356099 0.5582124693067884 0.005295682487947234 0.005516844674731873 0.005541705241715482 0.005346704463828184 0.005561635543705817 0.005494885308671963 
0.009210165478643567 0.008881318643054272 0.008935958726204972 0.009076606347679098 0.008696956124705913 0.009060164802584108 0.9192002565764452 0.008780748135771977 0.009133723635301218 0.009024101529609556 
0.13590144557612746 0.09869407493471918 0.5761406830520481 0.0049193245833906805 0.004713562363082463 0.004910413621090792 0.07227441127929167 0.004758975823151137 0.004950280919533599 0.09273682784756498 
0.11373526530207397 0.0010858848897919947 0.0010925655239472309 0.22306215619679753 0.2137320614352628 0.11188292435047299 0.0011127435898192516 0.0010735885182051057 0.0011167454836074607 0.3321060647100217 
0.009514874091672822 0.009175147705286768 0.009231595497972249 0.009376896297694325 0.008984685747423367 0.009359910801416961 0.009402089384132006 0.9161962428107688 0.009435903250549027 0.009322654413083642 
0.007462062114747088 0.0071956309068501876 0.007239900219423443 0.07284638022453009 0.007046260673846593 0.07271442484389659 0.07253841123016662 0.007114148834243318 0.007400129049102497 0.7384426519031936 
0.026862364403125043 0.004185552077703959 0.004211302636010545 0.04866806532568874 0.09364662486744167 0.026424872500252335 0.08248684009512378 0.004138155614112333 0.5281555567173186 0.1812206657632229 
0.05308718097387607 0.006271980237705744 0.12454153851485389 0.23387976562131502 0.006141783572308665 0.4846318615258453 0.006427113841060046 0.006200957424594113 0.07244500488859457 0.006372813399846331 
0.00918011803802917 0.008852344039381461 0.008906805863557613 0.009046994633226784 0.0086685829892515 0.009030606727379754 0.009071301366559453 0.008752101635470612 0.9194964835991464 0.008994661107997374 
0.07512234383826956 0.0068577697822835544 0.00689996048911351 0.007008562493754998 0.006715413026701582 0.00699586704439005 0.7769711332222995 0.09940826356636351 0.007052665990639091 0.00696802054618468 
0.8205019955546542 0.00669582504279006 0.006737019425269143 0.006843056817229156 0.006556830010979755 0.006830661168135393 0.00686144218872322 0.006620002684839473 0.1255496948484607 0.006803472258918985 
0.009417033210523635 0.9171608212350416 0.009136667553657678 0.009280474233947428 0.008892296761304697 0.009263663398512293 0.009305408261384205 0.008977970808401394 0.009338874421835447 0.0092267901153917 
0.003320384360390052 0.6435679912238227 0.0032215292622464146 0.3304956903375444 0.003135365718067957 0.003266307167098503 0.003281026132903108 0.003165573827109485 0.0032928260823437056 0.003253305888473614 
0.07199480065600569 0.6513929252126607 0.09818880876919121 0.0037893583762964133 0.0036308596271626614 0.0037824942572370606 0.1559742690663068 0.0036658416399147583 0.003813204058701397 0.00376743833652311 
0.28936976444625045 0.39694121484473865 0.003954290059509599 0.004016528651755761 0.003848527976194109 0.004009253031945494 0.2859397154577107 0.0038856071443703444 0.004041803871750674 0.003993294515774369 
0.00918011803802917 0.008852344039381461 0.008906805863557613 0.009046994633226784 0.0086685829892515 0.009030606727379754 0.009071301366559453 0.008752101635470612 0.9194964835991464 0.008994661107997374 
0.009597958029664046 0.009255265150421804 0.00931220584557368 0.009458775412755825 0.9153771478368821 0.00944164159902246 0.009484188485376324 0.009150460137943389 0.009518297614678966 0.009404059887681369 
0.005613183693327054 0.005412766263324061 0.005446066948795428 0.6569491146463847 0.005300405558833643 0.2016434441427744 0.005546647733405227 0.005351473039785828 0.005566595810673688 0.10317030216269614 
0.19543395909654646 0.007229826138672967 0.007274305828824739 0.7462687844553136 0.007079746065238268 0.007375415627231776 0.007408651475808873 0.007147956845209684 0.007435296101391359 0.00734605836576234 
0.0033224437514236677 0.0032038166630599953 0.003223527340708759 0.0032742640850379314 0.3168683459155656 0.003268333018012994 0.3315891724042315 0.003167537200516964 0.003294868380997479 0.3287876912404451 
0.0243623928787879 0.006987297854993381 0.7337828101779479 0.007140938706591332 0.006842252295795467 0.08010450662253898 0.0071601244030488655 0.006908174909623242 0.03681029357037831 0.08990120858029493 
0.11593301385300725 0.004885015595893987 0.08898910870537075 0.004992430217654546 0.028290717606543732 0.03730780734705495 0.02683223486660618 0.004829698529104001 0.443824978860878 0.2441149944178866 
0.009232680562773527 0.008903029831294814 0.008957803487080215 0.9189782883754506 0.008718216622063577 0.009082313196468508 0.009123240840601952 0.008802213470293852 0.009156051850418035 0.009046161763555145 
0.06574720564375905 0.00617636036087138 0.10483677137770038 0.006312169837626686 0.006048148617084015 0.6560933898118433 0.08435419598099053 0.02521735084766944 0.03893875125788122 0.00627565626457376 
0.007272161968611013 0.007012511101662341 0.007055653815609407 0.00716670635708995 0.6935611575775977 0.007153724442788601 0.007185961283986395 0.006933102645873124 0.007211805022011763 0.24944721578476958 
0.009597958029664046 0.009255265150421804 0.00931220584557368 0.009458775412755825 0.9153771478368821 0.00944164159902246 0.009484188485376324 0.009150460137943389 0.009518297614678966 0.009404059887681369 
0.20899127663971617 0.21864527799926517 0.0052218206945788105 0.5357049695306149 0.005082157031304934 0.005294401810931444 0.005318259983241723 0.005131121767024029 0.005337386682137804 0.005273327861184954 
0.009247922746695319 0.008917727796552805 0.00897259187787929 0.00911381608725047 0.008732609480163672 0.918828021109078 0.00913830235106035 0.008816744998350182 0.009171167528400463 0.009061096024569474 
0.007927240264534532 0.0076441999780171 0.007691228999180088 0.007812285183311202 0.0074855181408545685 0.06061430771739099 0.8776390409848027 0.007557638387283306 0.007861446348036089 0.007767093996589522 
0.006992737463163464 0.006743063383778012 0.006784548388290062 0.006891333862890655 0.006603087756646543 0.006878850763797092 0.006909848941245678 0.006666706107071856 0.9386783532934291 0.006851470039687607 
0.008488407003144266 0.8267183691442216 0.008235688577714628 0.008365314289420339 0.008015415515190555 0.008350161192893415 0.10699912355691815 0.008092641130212345 0.008417955556873831 0.00831692403341096 
0.9201808378715126 0.008785405872725319 0.008839455876637044 0.008978584590440144 0.008603034356005242 0.00896232060390396 0.009002707525203817 0.008685921464968839 0.00903508504654099 0.008926646792062053 
0.009210165478643567 0.008881318643054272 0.008935958726204972 0.009076606347679098 0.008696956124705913 0.009060164802584108 0.9192002565764452 0.008780748135771977 0.009133723635301218 0.009024101529609556 
0.009597958029664046 0.009255265150421804 0.00931220584557368 0.009458775412755825 0.9153771478368821 0.00944164159902246 0.009484188485376324 0.009150460137943389 0.009518297614678966 0.009404059887681369 
0.9201808378715126 0.008785405872725319 0.008839455876637044 0.008978584590440144 0.008603034356005242 0.00896232060390396 0.009002707525203817 0.008685921464968839 0.00903508504654099 0.008926646792062053 
0.004834169168515946 0.004661566272568422 0.004690245388697741 0.9575775791599437 0.004564799324776204 0.004755437831370636 0.00477686726933989 0.004608779507043587 0.0047940468924149385 0.004736509185329085 
0.6512461868223887 0.006818848804769482 0.00686080006005701 0.23443865905895106 0.006677299988832429 0.0069561623018030965 0.006987508868373098 0.006741633347139972 0.06634442690248443 0.0069284738452008885 
0.7526940832089257 0.006442761105810646 0.10032222000730287 0.006584428360231681 0.0063090192921991 0.006572501195864003 0.006602118869708984 0.006369804399858342 0.10155672368799828 0.006546339872100399 
0.16716830932892413 0.006554995990005036 0.3876587419823553 0.0066991311316615225 0.006418924352779652 0.006686996192414474 0.006717129815266334 0.00648076835574897 0.39895462372051677 0.006660379130327694 
0.004895514229010193 0.004720721021816976 0.0047497640726892765 0.004824523036987975 0.004622726112391801 0.004815783800093038 0.004837485175208627 0.4713937042184485 0.4903431633816815 0.00479661495167213 
0.009597958029664046 0.009255265150421804 0.00931220584557368 0.009458775412755825 0.9153771478368821 0.00944164159902246 0.009484188485376324 0.009150460137943389 0.009518297614678966 0.009404059887681369 
0.007001994216230743 0.006751989626610587 0.006793529547590585 0.0069004563812475935 0.006611828704403674 0.24415329613275621 0.006918995969246981 0.006675531270683443 0.7013318383635877 0.006860539787642446 
0.061576149256298805 0.45912335306241686 0.0051146165388024556 0.1161713152153725 0.11131217909828377 0.06057329387449265 0.0052090759256017295 0.005025779663303251 0.005227809952721455 0.1706664274127067 
0.009597958029664046 0.009255265150421804 0.00931220584557368 0.009458775412755825 0.9153771478368821 0.00944164159902246 0.009484188485376324 0.009150460137943389 0.009518297614678966 0.009404059887681369 
0.004680175898455311 0.004513071296721817 0.004540836834794337 0.13254224267285936 0.0516945745212213 0.5534730733176676 0.10012222242676777 0.004461966062470657 0.10031800363073264 0.04365383333830924 
0.10525111838748649 0.7849142188450388 0.005750384540183514 0.005840892781427582 0.005596583822562304 0.005830312472181781 0.0694812305415897 0.005650504873429759 0.0058776483638763085 0.005807105372223593 
0.009597958029664046 0.009255265150421804 0.00931220584557368 0.009458775412755825 0.9153771478368821 0.00944164159902246 0.009484188485376324 0.009150460137943389 0.009518297614678966 0.009404059887681369 
0.11373526530207397 0.0010858848897919947 0.0010925655239472309 0.22306215619679753 0.2137320614352628 0.11188292435047299 0.0011127435898192516 0.0010735885182051057 0.0011167454836074607 0.3321060647100217 
0.2906633294377235 0.003947679750061124 0.003971966858593635 0.004034483675015022 0.0038657319887426766 0.004027175531118849 0.28721794715650506 0.39420066804397164 0.004059871882418278 0.004011145675850239 
0.004229767785512775 0.00407874490163857 0.13229527426302803 0.2908024008224776 0.0039940764293104536 0.004160879986604859 0.0041796301674992984 0.004032557903928081 0.004194661874855207 0.5480320058651451 
0.004847528167297346 0.004674448291377411 0.0047032066608932105 0.48250051626355317 0.004577413932683221 0.004768579259810512 0.00479006791702215 0.004621515652112594 0.004807295015176312 0.479709428840074 
0.6293096586091258 0.007519222280628352 0.0075654824078858545 0.007684559402148718 0.007363134788287123 0.007670639438551546 0.007705205654715406 0.3098090735429146 0.00773291681380776 0.007640107061934847 
0.007033424865644736 0.006782298051931617 0.0068240244378889765 0.938277933767697 0.0066415079734198895 0.0069188755139195715 0.006950054054970921 0.006705496488668718 0.006975049371416486 0.006891335474442115 
0.06150839875595368 0.005018011065674044 0.005048883118901635 0.11610454718358013 0.11124820379509352 0.06050664678763979 0.005142128506862688 0.0049611879813207214 0.005160621762917417 0.6253013710420563 
0.1385263139367288 0.00783226964678276 0.007880455719364852 0.008004490239556907 0.30977435302558526 0.007989990746883665 0.008025996056417049 0.0077435783878372555 0.49626436502332677 0.007958187217516646 
0.009514874091672822 0.009175147705286768 0.009231595497972249 0.009376896297694325 0.008984685747423367 0.009359910801416961 0.009402089384132006 0.916196242810769 0.009435903250549027 0.009322654413083642 
0.00923268056277353 0.008903029831294814 0.008957803487080215 0.9189782883754505 0.008718216622063577 0.009082313196468508 0.009123240840601954 0.008802213470293852 0.009156051850418035 0.009046161763555147 
0.9512628873707534 0.005364317340533003 0.005397319956170794 0.0054822711334791795 0.0052529623611804865 0.0054723404386124675 0.005497000456077587 0.005303572744168078 0.005516769980863196 0.0054505582181620105 
0.007040104365035438 0.006788739061336113 0.006830505073986712 0.7007394023195018 0.006647815277373399 0.00692544622813951 0.006956654378812052 0.006711864561203223 0.006981673432797173 0.2443777953018146 
0.009514874091672822 0.009175147705286768 0.009231595497972249 0.009376896297694325 0.008984685747423367 0.009359910801416961 0.009402089384132006 0.916196242810769 0.009435903250549027 0.009322654413083642 
0.6809405411494117 0.0065012645156018005 0.07137039479931219 0.006644218177714084 0.006366308261162878 0.13809264396494775 0.006662069325636359 0.07013074705074411 0.006686028927915634 0.006605783827553638 
0.0092815322098334 0.008950137241556093 0.009005200713856038 0.009146938170362717 0.008764346154924248 0.009130369224806588 0.009171513423906125 0.008848787444436337 0.009204498042227375 0.918496677374091 
0.211205560351771 0.007325114414507234 0.00737018034185239 0.12551949356812053 0.6113823948091827 0.007472622755757416 0.00750629664899092 0.007242166093185177 0.007533292447669868 0.007442878568962946 
0.006992737463163464 0.006743063383778012 0.006784548388290062 0.006891333862890655 0.006603087756646543 0.006878850763797092 0.006909848941245678 0.006666706107071856 0.9386783532934291 0.006851470039687607 
0.006026029431578021 0.005810871439646456 0.005846621367264312 0.0059386443291155186 0.06445801524085457 0.0059278869507738636 0.005954599798298095 0.005745070142347604 0.888387969836839 0.0059042914632826135 
0.04406687547587366 0.006297314850793872 0.006336057499369217 0.6870062443158993 0.07705616489312996 0.04334918358113666 0.00645307509034105 0.006226005152930934 0.006476283061481174 0.11673279607904397 
0.009210165478643567 0.008881318643054272 0.008935958726204972 0.009076606347679098 0.008696956124705913 0.009060164802584108 0.9192002565764452 0.008780748135771977 0.009133723635301218 0.009024101529609556 
0.00923395438904018 0.008904258175888214 0.008959039388755329 0.009100050288573639 0.008719419468112026 0.009083566276658269 0.6158573421922656 0.008803427905326766 0.009157315104276606 0.31218162681110334 
0.08197229474372288 0.0071549639012952835 0.727097285053025 0.007312291493414748 0.007006437852793914 0.11653388502550084 0.007331937566678503 0.0309626054811083 0.007358306296790345 0.007269992585670294 
0.0092815322098334 0.008950137241556093 0.009005200713856038 0.009146938170362717 0.008764346154924248 0.009130369224806588 0.009171513423906125 0.008848787444436337 0.009204498042227375 0.918496677374091 
0.009232680562773527 0.008903029831294814 0.008957803487080215 0.9189782883754506 0.008718216622063577 0.009082313196468508 0.009123240840601952 0.008802213470293852 0.009156051850418035 0.009046161763555145 
0.11289253348255178 0.00264374662252347 0.002660011609862618 0.16261429800002683 0.14011560995404893 0.22388164622941908 0.21695486405370334 0.0026138092956873443 0.002718881281303311 0.13290459947087335 
0.007397449855087647 0.007133325613029586 0.007177211607925374 0.007290177409626195 0.006985248742119713 0.00727697183740685 0.20149770103807427 0.0070525490747310494 0.740941358398304 0.0072480064236954255 
0.0033224437514236677 0.0032038166630599953 0.003223527340708759 0.0032742640850379314 0.3168683459155656 0.003268333018012994 0.3315891724042315 0.003167537200516964 0.003294868380997479 0.3287876912404451 
0.156187398211728 0.005116414668713036 0.0051478921254024855 0.005228917430602247 0.038591787800201324 0.08003462817784428 0.0052429660629665685 0.005058477279077612 0.6941928481705063 0.005198670072957986 
0.0022484660917617056 0.0021681851281981105 0.002181524342840917 0.32204069868528956 0.12031114605125466 0.44458116976461515 0.0022218138640883282 0.0021436329769930255 0.002229804440877628 0.09987355865408092 
0.00809612000572193 0.31749628619627157 0.007855080821434756 0.0734234071090888 0.007644987555694528 0.007964263148520744 0.008000152521731804 0.0077186442319708325 0.19010743603755603 0.37169362237200887 
0.04855256409961139 0.007814483550439101 0.0273113000643371 0.007986313051972335 0.0076522668881557985 0.04740998486263728 0.05697103945135652 0.7803253635135992 0.008036569339637195 0.007940115178254086 
0.009247922746695319 0.008917727796552805 0.00897259187787929 0.00911381608725047 0.008732609480163672 0.918828021109078 0.00913830235106035 0.008816744998350182 0.009171167528400463 0.009061096024569474 
0.004895514229010193 0.004720721021816976 0.0047497640726892765 0.004824523036987975 0.004622726112391801 0.004815783800093038 0.004837485175208627 0.4713937042184485 0.4903431633816815 0.00479661495167213 
0.11373526530207397 0.0010858848897919947 0.0010925655239472309 0.22306215619679753 0.2137320614352628 0.11188292435047299 0.0011127435898192516 0.0010735885182051057 0.0011167454836074607 0.3321060647100217 
0.09912084207429346 0.005742284903288293 0.005777612869460981 0.005868549671295684 0.0056230838985284965 0.7225764150411218 0.005884316815821867 0.005677260267995587 0.13789503218100327 0.005834602277190371 
0.6513656470150329 0.006218898878414208 0.006257159092407104 0.08033977512589259 0.07697937671575773 0.04326918851942695 0.006372719546742293 0.006148477149380926 0.006395638525563144 0.1166531194313819 
0.009210165478643567 0.008881318643054272 0.008935958726204972 0.009076606347679098 0.008696956124705913 0.009060164802584108 0.9192002565764452 0.008780748135771977 0.009133723635301218 0.009024101529609556 
0.03543753525728301 0.3869291104957978 0.024450068540175895 0.04948020705960907 0.0474105820342004 0.34566748645227074 0.04275308356004787 0.024025390037228117 0.006919211865420949 0.03692732469796609 
0.4029727886146648 0.5527754724761113 0.005506695888981912 0.005593368589997798 0.005359412907551917 0.005583236650990785 0.005608396400255258 0.005411048902860836 0.00562856655169117 0.00556101301689433 
