0.005341147536567125 0.00534114753656671 0.0053006279138204555 0.16443364097762664 0.00543704464045176 0.005363942460709346 0.005435047735716495 0.5353634192956693 0.005352912421658842 0.26263106948121345 
0.0055101567179715585 0.005510156717971131 0.005468354938492773 0.005497183089649783 0.3982452679117302 0.005533672938697158 0.005607028187935542 0.005468354938490766 0.5577516816446707 0.005408142914390383 
0.00907225049168465 0.009072250491683947 0.009003425550064966 0.009050889936632328 0.009235137313647949 0.009110968999335178 0.009231745454531098 0.009003425550061662 0.9183156173281319 0.0089042888842263 
0.004809013328143696 0.004809013328143282 0.09148072134510192 0.19511374108940138 0.39733584390955645 0.004829537212433254 0.13507012437949797 0.09148072134506828 0.004819606087250761 0.07025167797540283 
0.0010930706812318249 0.43832134317392774 0.1095626086772443 0.0010904970533889943 0.33492152923128277 0.0010977356831045832 0.0011122874420401165 0.001084778303734694 0.11064331593783955 0.0010728338162054932 
0.009109914429252824 0.009109914429252118 0.009040803757173354 0.9179349846650353 0.00927347748464891 0.009148793678877597 0.009270071544045869 0.009040803757170035 0.009129980734428214 0.008941255520115803 
0.22368016778053176 0.007236986844537848 0.007182084789360996 0.039611623703733584 0.04041799057128365 0.007267872822693869 0.5896153986022298 0.007182084789358361 0.007252927673368422 0.07055286242290167 
0.004313152944934957 0.09175880744347378 0.6099506156249163 0.004302997654247844 0.07115235964602303 0.05354145604468864 0.004388980455356321 0.05290946697057454 0.026232220990444168 0.08144994222534029 
0.006310791898521987 0.07170901037608696 0.00626291624910205 0.006295933179850618 0.6488339369825321 0.006337725066276533 0.05300530658624891 0.1887257317380538 0.006324692608250663 0.006193955315076409 
0.008944431454683589 0.008944431454682895 0.008876576188423678 0.008923371848726432 0.9196073596044169 0.0089826044568538 0.009101679291243538 0.00887657618842042 0.008964133252388044 0.00877883626016083 
0.006909486076185643 0.006909486076185065 0.0068570685446975345 0.006893217735948664 0.7103877176472027 0.10199611203593467 0.0744530196608067 0.006857068544695018 0.006924705522788154 0.07181211815555587 
0.006908959933514089 0.006908959933513555 0.0068565463935095815 0.006892692832076647 0.007033006169635255 0.006938445959973361 0.12703702204161563 0.12530131739470754 0.6993420003400032 0.006781049001451313 
0.9181320344191681 0.009090416182367297 0.009021453430113359 0.009069012856314562 0.009253629158423593 0.00912921221746713 0.009250230507666275 0.009021453430110047 0.009110439538976155 0.008922118259393387 
0.0031865693641699635 0.0031865693641697167 0.0031623950481436272 0.003179066607230681 0.6520002438836836 0.003200168989799639 0.003242590939280985 0.0031623950481424663 0.3225524268205325 0.0031275739348468764 
0.003742660042401457 0.003742660042401125 0.003714267047834486 0.7505034426855919 0.0038098572610578614 0.0037586329491920995 0.07175009371644024 0.00371426704783308 0.0037509039572221504 0.15151321525002565 
0.004013130870061266 0.004013130870060955 0.40225128588353337 0.004003681979407211 0.004085184230376464 0.0040302580909683 0.2899415521923637 0.003982685998845404 0.004021970547905971 0.2796571193364772 
0.009109914429252824 0.009109914429252118 0.009040803757173354 0.9179349846650354 0.00927347748464891 0.009148793678877597 0.009270071544045869 0.009040803757170035 0.009129980734428214 0.008941255520115803 
0.9181320344191681 0.009090416182367297 0.009021453430113359 0.009069012856314562 0.009253629158423593 0.00912921221746713 0.009250230507666275 0.009021453430110047 0.009110439538976155 0.008922118259393387 
0.654848794567612 0.005519251759631473 0.005477380982310532 0.1026812856107067 0.10477155051005026 0.005542806796133192 0.10473307026587901 0.005477380982308521 0.005531408952875445 0.0054170695724926905 
0.007380443925210034 0.7454248364461556 0.007324453559562006 0.007363066717766354 0.10158380415474211 0.00741194214881447 0.10154649469841846 0.007324453559559318 0.007396700745324344 0.007243804044447184 
0.0031717825716352376 0.0031717825716349917 0.003147720432861268 0.0031643146301032535 0.0032287300273438047 0.003185319090261815 0.9714908003205055 0.003147720432860113 0.0031787690211267984 0.0031130609016671814 
0.007083926827107345 0.007083926827106798 0.05990262466859475 0.007067247767251613 0.07531695006323147 0.007114159576445839 0.024181628823325783 0.7686842099221954 0.03661254892745694 0.006952776597284121 
0.005011775904767806 0.0050117759047674185 0.5911627460704121 0.004999975710844396 0.05402093071267995 0.06214758086430207 0.09422479048627456 0.11957368999583942 0.037487135543294484 0.02635959880681795 
0.00907225049168465 0.009072250491683947 0.009003425550064966 0.009050889936632328 0.009235137313647949 0.009110968999335178 0.009231745454531098 0.009003425550061662 0.9183156173281319 0.0089042888842263 
0.37844966073343866 0.11677867812310956 0.038399097623723184 0.0062848309343428 0.04567638809712403 0.04564333774994902 0.006410414867137779 0.038399097623709084 0.2409339335077731 0.08302456073969271 
0.006947165691073311 0.006947165691072774 0.00689446231019239 0.7000116720771297 0.007071897888680573 0.006976814771883618 0.0070693005389593395 0.24430050547067395 0.006962468134136162 0.006818547426198274 
0.009055285265867281 0.009055285265866578 0.008986589027779043 0.009033964655329319 0.009217867487365698 0.9184870683101544 0.009214481971069288 0.008986589027775745 0.009075231240004165 0.008887637748788355 
0.00526237817143026 0.005262378171429824 0.005222456117827176 0.005249987936092264 0.22160901487715978 0.12339726302448022 0.20880773703763555 0.00522245611782526 0.41480137686192514 0.005164951684194535 
0.9181320344191681 0.009090416182367295 0.009021453430113357 0.009069012856314562 0.009253629158423593 0.009129212217467129 0.009250230507666275 0.009021453430110045 0.009110439538976153 0.008922118259393385 
0.007954908757263245 0.00795490875726263 0.00789456032097278 0.061249934498036444 0.00809773437783735 0.007988858679155242 0.008094760261346985 0.007894560320969884 0.0079724309445467 0.8748973430826088 
0.6992834210392077 0.006923598228110429 0.0068710736374060855 0.0069072966609036585 0.007047907286041122 0.00695314672781454 0.007045318747530974 0.006871073637403564 0.2453017477496313 0.006795416285950617 
0.008201380200981805 0.00820138020098117 0.008139161954908158 0.008182070104391256 0.008348631068655167 0.008236382012533155 0.00834556480342903 0.008139161954905171 0.8301639740999688 0.10404229359924627 
0.009109914429252824 0.009109914429252118 0.009040803757173354 0.9179349846650354 0.00927347748464891 0.009148793678877597 0.009270071544045869 0.009040803757170035 0.009129980734428214 0.008941255520115803 
0.9181320344191681 0.009090416182367297 0.009021453430113359 0.009069012856314562 0.009253629158423593 0.00912921221746713 0.009250230507666275 0.009021453430110047 0.009110439538976155 0.008922118259393387 
0.009109914429252824 0.009109914429252118 0.009040803757173354 0.9179349846650354 0.00927347748464891 0.009148793678877597 0.009270071544045869 0.009040803757170035 0.009129980734428214 0.008941255520115803 
0.009090416182368643 0.9181320344191618 0.009021453430113997 0.009069012856315202 0.009253629158424247 0.009129212217467776 0.00925023050766693 0.009021453430110685 0.009110439538976799 0.008922118259394018 
0.004738375945617951 0.004738375945617583 0.004702429137477216 0.004727219470128463 0.4871685153203459 0.00475859836402115 0.004821679101333451 0.47494534288502444 0.004748813112563798 0.004650650717870166 
0.00692418201885941 0.006924182018858874 0.06566243227126332 0.006907879077120564 0.0557156463179339 0.006953733010062373 0.7712083492091413 0.006871652999332034 0.06603595380890005 0.006795989268528297 
0.006567427439360412 0.006567427439359903 0.19464809854229628 0.0065519644739695 0.0845527732794273 0.006595455875059826 0.6749715150779545 0.006517604872121832 0.006581893437283758 0.006445839563166725 
0.006698109465302404 0.0066981094653018845 0.7788751353632235 0.006682338809927401 0.00681837000759733 0.006726695625132766 0.1675669802738628 0.006647295503170697 0.006712863315041908 0.006574102171439062 
0.004752112151313665 0.47996332728264296 0.00471606113600229 0.004740923334016789 0.004837433477775068 0.4820117124960734 0.004835656796791722 0.004716061136000559 0.004762579574843983 0.004664132614539566 
0.00907225049168465 0.009072250491683947 0.009003425550064966 0.009050889936632328 0.009235137313647949 0.009110968999335178 0.009231745454531098 0.009003425550061662 0.9183156173281319 0.0089042888842263 
0.006928765187418098 0.6998052839291736 0.006876201398537089 0.24470695410273346 0.007053167015006844 0.006958335738646114 0.007050576544716037 0.006876201398534565 0.006944027099900271 0.006800487585333931 
0.005091743431800234 0.6782266887965447 0.05929203105367914 0.005079754954852098 0.17208757919485348 0.005113473950286179 0.005181258974853523 0.005053115866922689 0.05987687773840816 0.004997476037799755 
0.009153541524005257 0.009153541524004547 0.9174940881913531 0.009131989569743584 0.009317887877748565 0.009192606965138244 0.009314465626202697 0.009084099883079372 0.009173703926087377 0.008984074912637122 
0.0825364220752955 0.19715381080659222 0.004577933474290891 0.46480881638278265 0.04435703252541061 0.0046326156342773464 0.09379444174812297 0.00457793347428921 0.004623089444962988 0.0989379044339754 
0.005750310793883207 0.005750310793882761 0.0057066871301575655 0.7880840232187902 0.005853554178903869 0.005774851943035774 0.10423563578986039 0.00570668713015547 0.005762976938240488 0.06737496208309032 
0.9181320344191681 0.009090416182367297 0.009021453430113359 0.009069012856314562 0.009253629158423593 0.00912921221746713 0.009250230507666275 0.009021453430110047 0.009110439538976155 0.008922118259393387 
0.0010930706812318249 0.43832134317392774 0.1095626086772443 0.0010904970533889943 0.33492152923128277 0.0010977356831045832 0.0011122874420401165 0.001084778303734694 0.11064331593783955 0.0010728338162054932 
0.003972001387833659 0.003972001387833351 0.003941868537789282 0.003962649336279252 0.6914070860924116 0.003988953076531375 0.004041831273412681 0.003941868537787835 0.003980750470234412 0.2767909898998865 
0.004148313301656495 0.004148313301656173 0.004116842894058253 0.2883151579479816 0.004222793781536788 0.19527557416608898 0.10043335625366995 0.3911106852479048 0.004157450744309838 0.004071512361137302 
0.004757435158592612 0.0047574351585922435 0.004721343761276182 0.47936961463926536 0.004842852056460443 0.4825516306992759 0.004841073385354493 0.004721343761274449 0.004767914307050682 0.004669357072857601 
0.007526067895473997 0.007526067895473415 0.007468972780650333 0.007508347817335046 0.007661193935313548 0.007558187612368541 0.9323528118376408 0.0074689727806475925 0.007542645479855728 0.007386731965241126 
0.006841403700150768 0.0068414037001502375 0.006789502662950446 0.006825295659427445 0.7033879374623813 0.006870601410437473 0.0069616791962884925 0.24191095953672237 0.006856473182475919 0.006714743489015497 
0.005018751067957707 0.22363288731430533 0.05921959243283399 0.005006934451057714 0.6272644444178499 0.005040170069979192 0.005106983366641828 0.004980677246077558 0.0598037245951138 0.004925835038183162 
0.00786828628814261 0.007868286288142002 0.3106119244331992 0.007849760459013515 0.13873952476941828 0.19214797637350964 0.3114974141149028 0.007808594997106201 0.007885617673095934 0.007722614603469635 
0.00907225049168465 0.009072250491683947 0.009003425550064966 0.009050889936632328 0.009235137313647949 0.009110968999335178 0.009231745454531098 0.009003425550061662 0.9183156173281319 0.0089042888842263 
0.00907225049168465 0.009072250491683947 0.009003425550064966 0.009050889936632328 0.009235137313647949 0.009110968999335178 0.009231745454531098 0.009003425550061662 0.9183156173281319 0.0089042888842263 
0.005463524261021418 0.005463524261020995 0.005422076250007263 0.0054506604285176515 0.5617234751328658 0.005486841463968261 0.3947298894483856 0.005422076250005272 0.005475558703935916 0.00536237380027191 
0.006837458682475531 0.006837458682475001 0.0067855875734183346 0.24263950865716286 0.0069602211564740845 0.0068666395562345 0.7027241471346776 0.006785587573415844 0.006852519475155 0.006710871508511225 
0.9181320344191681 0.009090416182367297 0.009021453430113359 0.009069012856314562 0.009253629158423593 0.00912921221746713 0.009250230507666275 0.009021453430110047 0.009110439538976155 0.008922118259393387 
0.13718837092735606 0.07193886143309947 0.006638604414070944 0.0066736019030183575 0.006809455245008625 0.7440359541004278 0.006806954284593079 0.006638604414068509 0.006704086498489369 0.0065655067798679155 
0.009055285265867281 0.009055285265866578 0.008986589027779043 0.009033964655329319 0.009217867487365698 0.9184870683101544 0.009214481971069288 0.008986589027775745 0.009075231240004165 0.008887637748788355 
0.00721296173005691 0.007212961730056325 0.0071582419369436755 0.007195978858357474 0.007342466136293101 0.7316182625682051 0.21079261288707773 0.007158241936941048 0.007228849639039757 0.007079422577029048 
0.2447535290754659 0.0069145153827687555 0.00686205969738189 0.0068982352010625424 0.007038661363653301 0.006944025118748564 0.007036076220963386 0.0068620596973793715 0.6999043366442093 0.006786501598367074 
0.005949435106903839 0.005949435106903378 0.20779122549276685 0.005935427200459047 0.00605625364965998 0.6034574338634323 0.006054029323322656 0.1470049317945084 0.005962539860126653 0.005839288601916942 
0.006424634348656371 0.7581951373374172 0.042535171845824095 0.006409507588673134 0.1178095958493771 0.006452053372680046 0.006537582819124659 0.006375895054652022 0.04295473167193105 0.00630569011166451 
0.008944431454683589 0.008944431454682895 0.008876576188423678 0.008923371848726432 0.9196073596044169 0.0089826044568538 0.009101679291243538 0.00887657618842042 0.008964133252388044 0.00877883626016083 
0.009055285265867281 0.009055285265866578 0.008986589027779043 0.009033964655329319 0.009217867487365698 0.9184870683101544 0.009214481971069288 0.008986589027775745 0.009075231240004167 0.008887637748788356 
0.8123141202601374 0.031679689181635 0.007156417276443672 0.0071941445785863554 0.007340594516410799 0.05638788449958894 0.05646610742250812 0.007156417276441046 0.007227006980393539 0.007077618007855091 
0.9181320344191681 0.009090416182367297 0.009021453430113359 0.009069012856314562 0.009253629158423593 0.00912921221746713 0.009250230507666275 0.009021453430110047 0.009110439538976155 0.008922118259393387 
0.00907225049168465 0.009072250491683947 0.009003425550064966 0.009050889936632328 0.009235137313647949 0.009110968999335178 0.009231745454531098 0.009003425550061662 0.9183156173281319 0.0089042888842263 
0.10006592602246098 0.12415980712490257 0.002641367753813279 0.11184889755511553 0.10744587577828243 0.0026729181673149816 0.4900603086969765 0.0026413677538123263 0.0026674217638803367 0.05579610938344113 
0.007346770375817288 0.007346770375816718 0.46149602962242625 0.007329472452527663 0.2894520069603925 0.00737812488760722 0.007475930485451206 0.007291035468288381 0.007362953023586324 0.19752090634808628 
0.0031717825716352376 0.0031717825716349917 0.003147720432861268 0.0031643146301032535 0.0032287300273438047 0.003185319090261815 0.9714908003205055 0.003147720432860113 0.0031787690211267984 0.0031130609016671814 
0.005274889821150988 0.04264530037975941 0.12059882980405366 0.005262470127214748 0.0998060430367272 0.08688942443675964 0.031986806676187106 0.5287221578744016 0.07363684614770241 0.005177231696043191 
0.1969977598375004 0.24518552204238384 0.002172419508038327 0.22057108210262294 0.10138153269277632 0.002198368463339529 0.2249785489447183 0.0021724195080375297 0.0021938478909852123 0.0021484990095977925 
0.007792859036580864 0.007792859036580261 0.007733739960367669 0.007774510800427283 0.8660859364602703 0.007826117363442967 0.007929861620851028 0.007733739960364831 0.07168179196601693 0.007648583795098041 
0.04687364196964616 0.02729878912136872 0.007665340066613235 0.007705750315142415 0.03676840043919945 0.8031053399356306 0.028086345508012794 0.007665340066610421 0.007740949699908149 0.027090102877867995 
0.009153541524008314 0.009153541524007604 0.009084099883085738 0.009131989569746632 0.009317887877751676 0.009192606965141313 0.009314465626205805 0.9174940881913225 0.009173703926090439 0.008984074912640121 
0.004752112151313665 0.47996332728264296 0.00471606113600229 0.004740923334016789 0.004837433477775068 0.4820117124960734 0.004835656796791722 0.004716061136000559 0.004762579574843983 0.004664132614539566 
0.0010930706812318249 0.43832134317392774 0.1095626086772443 0.0010904970533889943 0.33492152923128277 0.0010977356831045832 0.0011122874420401165 0.001084778303734694 0.11064331593783955 0.0010728338162054932 
0.005853172460735733 0.5911704185342631 0.005808768456098811 0.005839391204068174 0.1391030712796866 0.00587815260242258 0.09912320958442103 0.13561294256023032 0.005866065177319783 0.005744808140753913 
0.006327311196866333 0.15207006869443113 0.04243858701803054 0.006312413583613952 0.724712082813372 0.00635431486560406 0.006438548674842396 0.006279310226858511 0.04285719414753854 0.006210168778842383 
0.009055285265867281 0.009055285265866578 0.008986589027779043 0.009033964655329319 0.009217867487365698 0.9184870683101544 0.009214481971069288 0.008986589027775745 0.009075231240004165 0.008887637748788355 
0.04238237717536923 0.7378669080529542 0.0166018323364531 0.028814322918921196 0.03725993473353508 0.04256325648380719 0.02939009274165564 0.006740211393404341 0.016765590035925593 0.04161547412797442 
0.005462743164919284 0.005462743164918861 0.005421301079545484 0.005449881171501233 0.9509008091731951 0.005486057034307883 0.005558781079538933 0.005421301079543494 0.005474775887322258 0.005361607165207531 
